&y_legend=Wednus HMI,12,0x736AFF&
&y_ticks=5,10,4&

&line=1,0x9933CC,LCV_U2DI711,10,1&
&line_dot_2=1,0xCC3399,LCV_U2DI102,10,1&
&line_hollow_3=1,0x80a033,TC_U2DI102,10,1&

&values=15,18,19,14,17,18,15,18,17,18,19,22,24,28,26,27,26,30,20,21,19,15,18,19,14,17,18,15,18,17,18,19,22,24,28,26,27,26,30,20,21,19,15,18,19,14,17,18,15,18,17,18,19,22,24,28,26,27,26,30,20,21,19,15,18,19,14,17,18,15,18,17,18,19,22,24,28,26,27,26,30,20,21,19&
&values_2=12,8,11,13,10,12,9,10,8,16,13,24,22,26,23,25,23,31,22,24,12,12,8,11,13,10,12,9,10,8,16,13,24,22,26,23,25,23,31,22,24,12,12,8,11,13,10,12,9,10,8,16,13,24,22,26,23,25,23,31,22,24,12,12,8,11,13,10,12,9,10,8,16,13,24,22,26,23,25,23,31,22,24,12&
&values_3=5,5,5,4,1,6,1,5,1,18,19,21,25,27,28,23,21,37,23,22,12,5,5,5,4,1,6,1,5,1,18,19,21,25,27,28,23,21,37,23,22,12,5,5,5,4,1,6,1,5,1,18,19,21,25,27,28,23,21,37,23,22,12,5,5,5,4,1,6,1,5,1,18,19,21,25,27,28,23,21,37,23,22,12&

&x_label_style=10,#9933CC,0,6&
&x_labels=06-22,06-23,06-24,06-25,06-26,06-27,06-28,06-29,06-30,06-31,07-01,07-02,07-03,07-04&
&y_min=0&
&y_max=40&

&x_axis_colour=#D0D0D0&
&x_grid_colour=#202020&
&y_axis_colour=#D0D0D0&
&y_grid_colour=#202020&

&bg_colour=#000000&
